1
9
tofu1.ss tofu2.ss tofu3.ss tofu4.ss tofu5.ss tofu6.ss tofu7.ss tofu8.ss tofu9.ss
0.00714285714 0.95 0.00714285714 0.00714285714 0.00714285714 0.00714285714 0.00714285714 0.00714285714 0.041
0.8 0 0.1 0 0 0.1 0 0 0.041
0.00714285714 0.00714285714 0.00714285714 0.95 0.00714285714 0.00714285714 0.00714285714 0.00714285714 0.041
0.1 0 0.8 0 0.1 0 0 0 0.041
0.00714285714 0.00714285714 0.00714285714 0.00714285714 0.00714285714 0.95 0.00714285714 0.00714285714 0.041
0.1 0 0 0 0.8 0 0.1 0 0.041
0.00714285714 0.00714285714 0.00714285714 0.00714285714 0.00714285714 0.00714285714 0.00714285714 0.95 0.041
0.1 0 0 0 0.1 0 0.8 0 0.041
0.1041666666667 0.1041666666667 0.1041666666667 0.1041666666667 0.1041666666667 0.1041666666667 0.1041666666667 0.1041666666667 0.1666666666666